3.991992e+002,0.000000e+000
4.011277e+002,0.000000e+000
4.030562e+002,0.000000e+000
4.049846e+002,0.000000e+000
4.069131e+002,0.000000e+000
4.088416e+002,0.000000e+000
4.107701e+002,0.000000e+000
4.126986e+002,0.000000e+000
4.146271e+002,0.000000e+000
4.165556e+002,0.000000e+000
4.184841e+002,0.000000e+000
4.204126e+002,0.000000e+000
4.223411e+002,0.000000e+000
4.242697e+002,0.000000e+000
4.261982e+002,0.000000e+000
4.281266e+002,0.000000e+000
4.300551e+002,0.000000e+000
4.319836e+002,0.000000e+000
4.339121e+002,0.000000e+000
4.358406e+002,0.000000e+000
4.377691e+002,0.000000e+000
4.396976e+002,0.000000e+000
4.416261e+002,0.000000e+000
4.435546e+002,0.000000e+000
4.454831e+002,0.000000e+000
4.474116e+002,0.000000e+000
4.493401e+002,0.000000e+000
4.512686e+002,0.000000e+000
4.531971e+002,0.000000e+000
4.551256e+002,0.000000e+000
4.570541e+002,0.000000e+000
4.589826e+002,0.000000e+000
4.609111e+002,0.000000e+000
4.628396e+002,0.000000e+000
4.647681e+002,0.000000e+000
4.666966e+002,0.000000e+000
4.686251e+002,0.000000e+000
4.705536e+002,0.000000e+000
4.724821e+002,0.000000e+000
4.744106e+002,0.000000e+000
4.763391e+002,0.000000e+000
4.782676e+002,0.000000e+000
4.801961e+002,0.000000e+000
4.821246e+002,0.000000e+000
4.840531e+002,0.000000e+000
4.859816e+002,0.000000e+000
4.879101e+002,0.000000e+000
4.898386e+002,0.000000e+000
4.917671e+002,0.000000e+000
4.936956e+002,0.000000e+000
4.956241e+002,0.000000e+000
4.975526e+002,0.000000e+000
4.994811e+002,0.000000e+000
5.014096e+002,0.000000e+000
5.033381e+002,0.000000e+000
5.052666e+002,0.000000e+000
5.071951e+002,0.000000e+000
5.091236e+002,0.000000e+000
5.110521e+002,0.000000e+000
5.129806e+002,0.000000e+000
5.149091e+002,0.000000e+000
5.168376e+002,0.000000e+000
5.187661e+002,0.000000e+000
5.206946e+002,0.000000e+000
5.226230e+002,0.000000e+000
5.245516e+002,-9.615545e-005
5.264800e+002,-5.633070e-005
5.284086e+002,-3.054744e-005
5.303370e+002,-1.409528e-004
5.322656e+002,-2.372536e-004
5.341940e+002,-1.956422e-004
5.361226e+002,-1.588284e-004
5.380510e+002,-1.064526e-004
5.399796e+002,-8.759572e-005
5.419081e+002,-5.010003e-005
5.438365e+002,2.821744e-005
5.457650e+002,-4.287000e-005
5.476935e+002,-8.763641e-005
5.496221e+002,-1.263188e-005
5.515505e+002,6.064033e-005
5.534790e+002,1.491008e-004
5.554075e+002,2.634453e-004
5.573361e+002,1.204168e-004
5.592645e+002,-6.951758e-005
5.611931e+002,-1.641208e-004
5.631215e+002,-1.395207e-004
5.650500e+002,-3.925897e-005
5.669785e+002,1.601967e-004
5.689070e+002,3.326695e-004
5.708355e+002,3.920236e-004
5.727640e+002,4.566108e-004
5.746925e+002,6.380602e-004
5.766210e+002,7.122119e-004
5.785495e+002,8.683520e-004
5.804780e+002,1.048301e-003
5.824065e+002,1.112866e-003
5.843350e+002,1.033001e-003
5.862635e+002,1.053523e-003
5.881920e+002,1.022581e-003
5.901205e+002,9.048419e-004
5.920490e+002,8.869505e-004
5.939775e+002,9.315980e-004
5.959060e+002,9.580151e-004
5.978345e+002,1.127893e-003
5.997630e+002,1.156177e-003
6.016915e+002,1.187097e-003
6.036200e+002,1.283535e-003
6.055485e+002,1.371700e-003
6.074770e+002,1.268574e-003
6.094055e+002,1.158467e-003
6.113340e+002,1.051299e-003
6.132625e+002,9.125979e-004
6.151910e+002,8.262409e-004
6.171195e+002,8.479900e-004
6.190480e+002,8.619736e-004
6.209765e+002,9.636421e-004
6.229050e+002,9.937054e-004
6.248335e+002,1.084832e-003
6.267620e+002,1.195010e-003
6.286905e+002,1.275444e-003
6.306190e+002,1.234674e-003
6.325475e+002,1.295051e-003
6.344760e+002,1.272520e-003
6.364045e+002,1.315766e-003
6.383330e+002,1.411270e-003
6.402615e+002,1.530712e-003
6.421899e+002,1.572197e-003
6.441185e+002,1.664460e-003
6.460470e+002,1.748150e-003
6.479755e+002,1.852904e-003
6.499039e+002,1.884606e-003
6.518325e+002,1.932193e-003
6.537610e+002,2.044240e-003
6.556895e+002,2.205450e-003
6.576179e+002,2.357779e-003
6.595464e+002,2.464650e-003
6.614750e+002,2.450746e-003
6.634034e+002,2.700836e-003
6.653319e+002,2.884435e-003
6.672604e+002,3.130654e-003
6.691890e+002,3.398818e-003
6.711174e+002,3.667718e-003
6.730460e+002,3.893386e-003
6.749745e+002,4.251057e-003
6.769030e+002,4.627701e-003
6.788314e+002,5.082590e-003
6.807599e+002,5.534624e-003
6.826885e+002,6.074189e-003
6.846169e+002,6.579062e-003
6.865454e+002,7.158877e-003
6.884739e+002,7.626747e-003
6.904025e+002,8.121029e-003
6.923309e+002,8.647976e-003
6.942594e+002,9.300633e-003
6.961879e+002,9.911861e-003
6.981165e+002,1.081983e-002
7.000449e+002,1.180996e-002
7.019734e+002,1.309577e-002
7.039019e+002,1.469060e-002
7.058304e+002,1.697379e-002
7.077589e+002,2.004771e-002
7.096874e+002,2.485166e-002
7.116159e+002,3.251048e-002
7.135444e+002,4.719072e-002
7.154729e+002,7.385927e-002
7.174014e+002,1.109830e-001
7.193299e+002,1.228660e-001
7.212584e+002,8.684381e-002
7.231869e+002,5.695245e-002
7.251154e+002,4.902284e-002
7.270439e+002,5.715125e-002
7.289724e+002,8.157338e-002
7.309009e+002,8.540098e-002
7.328294e+002,5.182313e-002
7.347579e+002,2.669080e-002
7.366864e+002,1.769391e-002
7.386149e+002,1.404326e-002
7.405434e+002,1.171177e-002
7.424719e+002,1.018548e-002
7.444004e+002,9.003041e-003
7.463289e+002,8.062635e-003
7.482574e+002,7.248864e-003
7.501859e+002,6.676682e-003
7.521144e+002,6.078552e-003
7.540428e+002,5.678238e-003
7.559714e+002,5.362877e-003
7.578999e+002,5.118802e-003
7.598284e+002,4.900905e-003
7.617568e+002,4.818356e-003
7.636854e+002,4.664233e-003
7.656139e+002,4.521166e-003
7.675424e+002,4.333900e-003
7.694709e+002,4.104992e-003
7.713994e+002,3.813920e-003
7.733279e+002,3.626512e-003
7.752563e+002,3.391211e-003
7.771849e+002,3.187679e-003
7.791134e+002,3.069583e-003
7.810419e+002,2.982887e-003
7.829703e+002,2.884585e-003
7.848989e+002,2.821541e-003
7.868274e+002,2.737915e-003
7.887559e+002,2.741412e-003
7.906843e+002,2.778020e-003
7.926129e+002,2.795688e-003
7.945414e+002,2.892385e-003
7.964698e+002,2.990799e-003
7.983983e+002,3.070571e-003
8.003268e+002,3.182640e-003
8.022554e+002,3.271595e-003
8.041838e+002,3.315998e-003
8.061123e+002,3.309610e-003
8.080408e+002,3.330478e-003
8.099694e+002,3.314425e-003
8.118978e+002,3.268527e-003
8.138263e+002,3.345336e-003
8.157548e+002,3.391160e-003
8.176833e+002,3.342179e-003
8.196118e+002,3.287287e-003
8.215403e+002,3.255067e-003
8.234689e+002,3.230862e-003
8.253973e+002,3.242352e-003
8.273258e+002,3.207081e-003
8.292543e+002,3.205600e-003
8.311829e+002,3.312068e-003
8.331113e+002,3.367403e-003
8.350398e+002,3.408971e-003
8.369683e+002,3.537187e-003
8.388969e+002,3.672563e-003
8.408253e+002,3.854563e-003
8.427538e+002,3.999624e-003
8.446823e+002,4.086594e-003
8.466108e+002,4.213964e-003
8.485393e+002,4.300413e-003
8.504678e+002,4.315090e-003
8.523963e+002,4.414013e-003
8.543248e+002,4.455852e-003
8.562533e+002,4.478204e-003
8.581818e+002,4.485514e-003
8.601103e+002,4.530145e-003
8.620388e+002,4.567511e-003
8.639673e+002,4.543565e-003
8.658958e+002,4.525404e-003
8.678243e+002,4.599477e-003
8.697528e+002,4.678002e-003
8.716813e+002,4.666468e-003
8.736098e+002,4.666425e-003
8.755383e+002,4.698236e-003
8.774668e+002,4.683862e-003
8.793953e+002,4.648902e-003
8.813238e+002,4.643703e-003
8.832523e+002,4.688505e-003
8.851808e+002,4.767803e-003
8.871093e+002,4.904295e-003
8.890378e+002,4.963016e-003
8.909663e+002,4.961643e-003
8.928948e+002,4.894518e-003
8.948232e+002,4.898124e-003
8.967518e+002,4.958030e-003
8.986803e+002,5.136626e-003
9.006088e+002,5.414866e-003
9.025372e+002,5.811244e-003
9.044658e+002,6.406301e-003
9.063943e+002,7.395250e-003
9.083228e+002,8.018557e-003
9.102512e+002,7.539114e-003
9.121797e+002,6.544828e-003
9.141083e+002,5.759630e-003
9.160367e+002,5.268489e-003
9.179653e+002,4.986651e-003
9.198937e+002,4.814800e-003
9.218223e+002,4.763588e-003
9.237507e+002,4.676912e-003
9.256793e+002,4.679801e-003
9.276077e+002,4.768384e-003
9.295363e+002,4.846409e-003
9.314647e+002,5.003701e-003
9.333932e+002,5.219147e-003
9.353217e+002,5.421089e-003
9.372502e+002,5.652571e-003
9.391787e+002,5.705544e-003
9.411072e+002,5.851774e-003
9.430358e+002,6.284786e-003
9.449642e+002,6.601071e-003
9.468928e+002,6.696319e-003
9.488212e+002,6.804552e-003
9.507498e+002,6.971308e-003
9.526782e+002,7.154498e-003
9.546068e+002,7.330006e-003
9.565352e+002,7.656782e-003
9.584637e+002,7.986994e-003
9.603922e+002,8.342311e-003
9.623207e+002,8.551547e-003
9.642492e+002,8.755592e-003
9.661777e+002,8.976707e-003
9.681062e+002,8.914364e-003
9.700347e+002,8.851286e-003
9.719632e+002,8.769333e-003
9.738917e+002,8.528326e-003
9.758202e+002,8.397151e-003
9.777487e+002,8.385014e-003
9.796772e+002,8.461650e-003
9.816057e+002,8.642690e-003
9.835342e+002,8.863916e-003
9.854627e+002,9.115991e-003
9.873912e+002,9.387277e-003
9.893197e+002,9.609410e-003
9.912482e+002,9.744361e-003
9.931767e+002,9.725809e-003
9.951052e+002,9.711066e-003
9.970337e+002,9.741116e-003
9.989622e+002,9.806903e-003
1.000891e+003,9.872057e-003
1.002819e+003,9.985026e-003
1.004748e+003,1.014760e-002
1.006676e+003,1.042029e-002
1.008605e+003,1.069850e-002
1.010533e+003,1.101404e-002
1.012462e+003,1.133413e-002
1.014390e+003,1.168892e-002
1.016319e+003,1.206554e-002
1.018247e+003,1.243171e-002
1.020176e+003,1.269352e-002
1.022104e+003,1.295273e-002
1.024033e+003,1.316576e-002
1.025961e+003,1.339321e-002
1.027890e+003,1.355544e-002
1.029818e+003,1.366442e-002
1.031747e+003,1.371289e-002
1.033675e+003,1.374745e-002
1.035604e+003,1.368834e-002
1.037532e+003,1.359793e-002
1.039461e+003,1.342163e-002
1.041389e+003,1.326671e-002
1.043318e+003,1.325593e-002
1.045246e+003,1.344610e-002
1.047175e+003,1.372889e-002
1.049103e+003,1.422450e-002
1.051032e+003,1.469724e-002
1.052960e+003,1.507417e-002
1.054889e+003,1.548213e-002
1.056817e+003,1.597147e-002
1.058746e+003,1.644394e-002
1.060674e+003,1.687877e-002
1.062603e+003,1.725368e-002
1.064531e+003,1.753785e-002
1.066460e+003,1.772708e-002
1.068388e+003,1.802354e-002
1.070317e+003,1.841952e-002
1.072245e+003,1.914523e-002
1.074174e+003,2.023710e-002
1.076102e+003,2.166518e-002
1.078031e+003,2.328171e-002
1.079959e+003,2.501393e-002
1.081888e+003,2.656543e-002
1.083816e+003,2.792368e-002
1.085745e+003,2.913162e-002
1.087673e+003,3.040573e-002
1.089602e+003,3.176606e-002
1.091530e+003,3.309806e-002
1.093459e+003,3.412005e-002
1.095387e+003,3.473958e-002
1.097316e+003,3.482509e-002
1.099244e+003,3.442485e-002
1.101173e+003,3.369290e-002
1.103101e+003,3.279112e-002
1.105030e+003,3.194807e-002
1.106958e+003,3.155708e-002
1.108887e+003,3.173202e-002
1.110815e+003,3.263351e-002
1.112744e+003,3.398811e-002
1.114672e+003,3.545159e-002
1.116601e+003,3.661046e-002
1.118529e+003,3.708182e-002
1.120458e+003,3.656560e-002
1.122386e+003,3.524991e-002
1.124315e+003,3.348403e-002
1.126243e+003,3.196812e-002
1.128172e+003,3.139693e-002
1.130100e+003,3.217041e-002
1.132029e+003,3.424288e-002
1.133957e+003,3.748498e-002
1.135885e+003,4.142421e-002
1.137814e+003,4.550869e-002
1.139743e+003,4.918735e-002
1.141671e+003,5.210280e-002
1.143600e+003,5.414134e-002
1.145528e+003,5.563907e-002
1.147457e+003,5.704809e-002
1.149385e+003,5.870579e-002
1.151314e+003,6.062748e-002
1.153242e+003,6.268390e-002
1.155171e+003,6.467553e-002
1.157099e+003,6.648897e-002
1.159028e+003,6.790990e-002
1.160956e+003,6.878406e-002
1.162885e+003,6.898119e-002
1.164813e+003,6.843741e-002
1.166742e+003,6.726136e-002
1.168670e+003,6.559616e-002
1.170599e+003,6.354035e-002
1.172527e+003,6.126272e-002
1.174456e+003,5.890852e-002
1.176384e+003,5.649835e-002
1.178313e+003,5.392149e-002
1.180241e+003,5.148033e-002
1.182170e+003,4.930520e-002
1.184098e+003,4.734549e-002
1.186027e+003,4.552568e-002
1.187955e+003,4.383463e-002
1.189884e+003,4.219874e-002
1.191812e+003,4.062513e-002
1.193740e+003,3.908917e-002
1.195669e+003,3.763568e-002
1.197598e+003,3.627551e-002
1.199526e+003,3.514804e-002
1.201455e+003,3.424342e-002
1.203383e+003,3.360480e-002
1.205312e+003,3.318254e-002
1.207240e+003,3.300298e-002
1.209168e+003,3.289990e-002
1.211097e+003,3.279818e-002
1.213026e+003,3.267999e-002
1.214954e+003,3.262348e-002
1.216883e+003,3.267772e-002
1.218811e+003,3.299148e-002
1.220740e+003,3.343578e-002
1.222668e+003,3.400641e-002
1.224596e+003,3.471359e-002
1.226525e+003,3.551313e-002
1.228453e+003,3.625121e-002
1.230382e+003,3.696380e-002
1.232311e+003,3.759261e-002
1.234239e+003,3.820373e-002
1.236167e+003,3.865798e-002
1.238096e+003,3.889652e-002
1.240025e+003,3.878003e-002
1.241953e+003,3.832649e-002
1.243882e+003,3.749564e-002
1.245810e+003,3.633802e-002
1.247739e+003,3.490752e-002
1.249667e+003,3.344548e-002
1.251595e+003,3.223472e-002
1.253524e+003,3.142565e-002
1.255453e+003,3.087218e-002
1.257381e+003,3.049799e-002
1.259310e+003,3.005963e-002
1.261238e+003,2.952768e-002
1.263167e+003,2.885794e-002
1.265095e+003,2.813023e-002
1.267023e+003,2.736413e-002
1.268952e+003,2.670932e-002
1.270880e+003,2.618944e-002
1.272809e+003,2.592404e-002
1.274738e+003,2.584631e-002
1.276666e+003,2.590202e-002
1.278594e+003,2.584761e-002
1.280523e+003,2.555924e-002
1.282451e+003,2.487826e-002
1.284380e+003,2.402421e-002
1.286308e+003,2.319415e-002
1.288237e+003,2.261352e-002
1.290166e+003,2.236546e-002
1.292094e+003,2.244186e-002
1.294022e+003,2.257966e-002
1.295951e+003,2.271604e-002
1.297879e+003,2.280715e-002
1.299808e+003,2.292307e-002
1.301736e+003,2.287676e-002
1.303665e+003,2.272483e-002
1.305594e+003,2.243671e-002
1.307522e+003,2.216925e-002
1.309450e+003,2.191190e-002
1.311379e+003,2.171905e-002
1.313307e+003,2.148626e-002
1.315236e+003,2.124469e-002
1.317164e+003,2.092692e-002
1.319093e+003,2.058155e-002
1.321021e+003,2.006792e-002
1.322950e+003,1.953854e-002
1.324878e+003,1.886719e-002
1.326807e+003,1.823944e-002
1.328735e+003,1.772382e-002
1.330664e+003,1.751763e-002
1.332592e+003,1.759572e-002
1.334521e+003,1.799507e-002
1.336449e+003,1.858921e-002
1.338378e+003,1.949615e-002
1.340306e+003,2.054524e-002
1.342235e+003,2.133448e-002
1.344163e+003,2.196178e-002
1.346092e+003,2.276761e-002
1.348021e+003,2.358200e-002
1.349949e+003,2.431852e-002
1.351877e+003,2.467976e-002
1.353806e+003,2.474503e-002
1.355734e+003,2.463649e-002
1.357663e+003,2.468226e-002
1.359591e+003,2.496520e-002
1.361520e+003,2.559613e-002
1.363448e+003,2.637966e-002
1.365377e+003,2.705204e-002
1.367305e+003,2.752766e-002
1.369234e+003,2.763339e-002
1.371162e+003,2.725077e-002
1.373091e+003,2.708618e-002
1.375019e+003,2.798240e-002
1.376948e+003,2.885569e-002
1.378876e+003,2.765146e-002
1.380805e+003,2.441353e-002
1.382733e+003,2.114998e-002
1.384662e+003,1.888547e-002
1.386590e+003,1.704822e-002
1.388519e+003,1.549569e-002
1.390447e+003,1.442823e-002
1.392376e+003,1.387185e-002
1.394304e+003,1.348244e-002
1.396233e+003,1.359139e-002
1.398161e+003,1.374448e-002
1.400090e+003,1.431840e-002
1.402018e+003,1.453060e-002
1.403947e+003,1.451780e-002
1.405875e+003,1.391367e-002
1.407804e+003,1.369390e-002
1.409732e+003,1.397456e-002
1.411661e+003,1.528241e-002
1.413589e+003,1.687034e-002
1.415518e+003,1.841210e-002
1.417446e+003,1.911524e-002
1.419375e+003,1.916456e-002
1.421303e+003,1.854885e-002
1.423232e+003,1.855562e-002
1.425160e+003,1.909698e-002
1.427089e+003,2.064380e-002
1.429017e+003,2.316151e-002
1.430946e+003,2.692345e-002
1.432874e+003,3.002790e-002
1.434803e+003,3.279636e-002
1.436731e+003,3.596382e-002
1.438660e+003,3.874997e-002
1.440588e+003,4.038240e-002
1.442517e+003,4.244971e-002
1.444445e+003,4.410246e-002
1.446374e+003,4.620998e-002
1.448302e+003,4.938247e-002
1.450231e+003,5.416636e-002
1.452159e+003,6.155746e-002
1.454088e+003,7.095277e-002
1.456016e+003,8.122478e-002
1.457945e+003,1.087721e-001
1.459873e+003,1.562288e-001
1.461802e+003,1.902733e-001
1.463730e+003,1.729668e-001
1.465659e+003,1.315172e-001
1.467587e+003,1.240801e-001
1.469516e+003,1.278137e-001
1.471444e+003,1.521568e-001
1.473373e+003,1.386378e-001
1.475301e+003,7.543752e-002
1.477230e+003,3.381354e-002
1.479158e+003,2.155817e-002
1.481087e+003,1.589828e-002
1.483015e+003,1.316706e-002
1.484944e+003,1.112930e-002
1.486872e+003,1.042529e-002
1.488801e+003,9.071810e-003
1.490729e+003,8.789320e-003
1.492658e+003,7.861136e-003
1.494586e+003,7.784816e-003
1.496515e+003,7.025623e-003
1.498443e+003,6.927826e-003
1.500372e+003,6.159330e-003
1.502300e+003,5.978306e-003
1.504229e+003,5.462615e-003
1.506157e+003,5.833948e-003
1.508086e+003,5.197133e-003
1.510014e+003,5.243069e-003
1.511943e+003,4.795471e-003
1.513871e+003,4.887783e-003
1.515800e+003,4.681851e-003
1.517728e+003,4.829879e-003
1.519657e+003,4.451120e-003
1.521585e+003,4.703643e-003
1.523514e+003,4.368940e-003
1.525442e+003,4.564467e-003
1.527371e+003,4.286235e-003
1.529299e+003,4.324037e-003
1.531228e+003,4.159352e-003
1.533156e+003,4.449033e-003
1.535085e+003,4.244292e-003
1.537013e+003,4.266366e-003
1.538942e+003,4.125437e-003
1.540870e+003,4.657658e-003
1.542799e+003,4.224387e-003
1.544727e+003,4.264643e-003
1.546656e+003,4.039127e-003
1.548584e+003,4.073508e-003
1.550513e+003,3.881755e-003
1.552441e+003,3.869628e-003
1.554370e+003,3.570820e-003
1.556298e+003,3.608559e-003
1.558227e+003,3.616542e-003
1.560155e+003,3.762610e-003
1.562084e+003,3.260410e-003
1.564012e+003,3.183372e-003
1.565941e+003,2.976642e-003
1.567869e+003,3.026145e-003
1.569798e+003,2.955111e-003
1.571726e+003,2.949839e-003
1.573655e+003,2.790742e-003
1.575583e+003,2.949673e-003
1.577512e+003,2.911907e-003
1.579440e+003,2.902553e-003
1.581369e+003,2.838688e-003
1.583297e+003,2.932030e-003
1.585226e+003,2.886648e-003
1.587154e+003,2.948685e-003
1.589083e+003,2.906934e-003
1.591011e+003,2.968995e-003
1.592940e+003,2.871889e-003
1.594868e+003,2.905410e-003
1.596797e+003,2.840631e-003
1.598725e+003,2.845115e-003
1.600654e+003,2.785713e-003
1.602582e+003,2.859012e-003
1.604511e+003,2.821324e-003
1.606439e+003,2.907346e-003
1.608368e+003,2.936784e-003
1.610296e+003,3.064092e-003
1.612225e+003,3.045440e-003
1.614153e+003,3.121163e-003
1.616082e+003,3.225290e-003
1.618010e+003,3.483592e-003
1.619939e+003,3.396058e-003
1.621867e+003,3.531766e-003
1.623796e+003,3.736149e-003
1.625724e+003,3.954086e-003
1.627653e+003,4.050779e-003
1.629581e+003,4.221277e-003
1.631510e+003,4.266244e-003
1.633438e+003,4.402981e-003
1.635367e+003,4.716732e-003
1.637295e+003,5.405175e-003
1.639224e+003,5.684614e-003
1.641152e+003,6.019800e-003
1.643081e+003,6.110473e-003
1.645009e+003,6.344181e-003
1.646938e+003,6.804000e-003
1.648866e+003,6.995777e-003
1.650795e+003,6.887131e-003
1.652723e+003,7.413098e-003
1.654652e+003,7.691422e-003
1.656580e+003,7.402055e-003
1.658509e+003,6.944926e-003
1.660437e+003,6.622927e-003
1.662366e+003,6.303438e-003
1.664294e+003,5.971873e-003
1.666223e+003,5.592394e-003
1.668151e+003,5.494612e-003
1.670080e+003,5.423921e-003
1.672008e+003,5.393617e-003
1.673937e+003,5.334334e-003
1.675865e+003,5.441915e-003
1.677794e+003,5.327751e-003
1.679722e+003,5.378485e-003
1.681651e+003,5.332087e-003
1.683579e+003,5.678178e-003
1.685508e+003,5.757072e-003
1.687436e+003,5.811065e-003
1.689365e+003,5.991170e-003
1.691293e+003,6.224640e-003
1.693222e+003,6.390586e-003
1.695150e+003,6.909648e-003
1.697079e+003,7.526070e-003
1.699007e+003,7.982324e-003
1.700936e+003,9.045998e-003
1.702864e+003,9.577898e-003
1.704793e+003,1.011428e-002
1.706721e+003,1.098093e-002
1.708650e+003,1.157254e-002
1.710578e+003,1.224412e-002
1.712507e+003,1.295388e-002
1.714435e+003,1.401766e-002
1.716364e+003,1.545319e-002
1.718292e+003,1.796247e-002
1.720221e+003,1.998851e-002
1.722149e+003,2.227098e-002
1.724078e+003,2.609980e-002
1.726006e+003,3.077305e-002
1.727935e+003,3.657366e-002
1.729863e+003,4.534176e-002
1.731792e+003,5.477025e-002
1.733720e+003,7.169831e-002
1.735649e+003,9.577613e-002
1.737577e+003,1.094875e-001
1.739506e+003,1.315513e-001
1.741434e+003,1.507438e-001
1.743363e+003,1.626612e-001
1.745291e+003,1.669659e-001
1.747220e+003,1.631967e-001
1.749148e+003,1.493614e-001
1.751077e+003,1.278950e-001
1.753005e+003,1.047561e-001
1.754934e+003,8.737981e-002
1.756862e+003,6.614430e-002
1.758791e+003,4.983604e-002
1.760719e+003,3.861241e-002
1.762648e+003,2.764864e-002
1.764576e+003,2.145891e-002
1.766505e+003,1.753465e-002
1.768433e+003,1.394743e-002
1.770362e+003,1.186136e-002
1.772290e+003,1.001575e-002
1.774219e+003,8.554528e-003
1.776147e+003,7.507618e-003
1.778076e+003,6.690065e-003
1.780004e+003,6.075569e-003
1.781933e+003,5.400581e-003
1.783861e+003,4.918393e-003
1.785790e+003,4.423957e-003
1.787718e+003,4.012169e-003
1.789646e+003,3.764871e-003
1.791575e+003,3.638260e-003
1.793504e+003,3.299050e-003
1.795432e+003,2.988866e-003
1.797361e+003,2.635643e-003
1.799289e+003,2.398973e-003
1.801218e+003,2.257374e-003
1.803146e+003,2.115126e-003
1.805074e+003,1.864845e-003
1.807003e+003,1.673558e-003
1.808932e+003,1.566681e-003
1.810860e+003,1.532249e-003
1.812789e+003,1.243773e-003
1.814717e+003,8.843895e-004
1.816646e+003,6.162347e-004
1.818574e+003,9.233928e-004
1.820502e+003,1.042677e-003
1.822431e+003,9.772344e-004
1.824360e+003,7.513277e-004
1.826288e+003,7.194956e-004
1.828217e+003,6.201183e-004
1.830145e+003,5.445615e-004
1.832073e+003,1.785643e-004
1.834002e+003,-2.629124e-005
1.835931e+003,-1.552468e-004
1.837859e+003,-8.694362e-005
1.839788e+003,-3.038514e-004
1.841716e+003,-3.612135e-004
1.843645e+003,-3.296593e-004
1.845573e+003,-3.154781e-004
1.847501e+003,-5.252147e-004
1.849430e+003,-5.627051e-004
1.851359e+003,-6.513763e-004
1.853287e+003,-6.089676e-004
1.855216e+003,-6.842660e-004
1.857144e+003,-6.119367e-004
1.859073e+003,-7.245829e-004
1.861001e+003,-7.107854e-004
1.862929e+003,-9.079501e-004
1.864858e+003,-1.022767e-003
1.866787e+003,-1.144785e-003
1.868715e+003,-8.383933e-004
1.870644e+003,-9.421324e-004
1.872572e+003,-9.733206e-004
1.874500e+003,-1.104372e-003
1.876429e+003,-9.538485e-004
1.878357e+003,-1.043141e-003
1.880286e+003,-9.772070e-004
1.882215e+003,-1.092928e-003
1.884143e+003,-9.139040e-004
1.886072e+003,-7.748455e-004
1.888000e+003,-4.858468e-004
1.889928e+003,-4.591569e-004
1.891857e+003,-3.837934e-004
1.893785e+003,-3.365315e-004
1.895714e+003,1.284480e-005
1.897643e+003,8.973852e-005
1.899571e+003,1.092060e-004
1.901500e+003,1.094760e-004
1.903428e+003,1.097359e-004
1.905356e+003,1.099929e-004
1.907285e+003,1.102416e-004
1.909213e+003,1.104847e-004
1.911142e+003,1.107203e-004
1.913071e+003,1.109475e-004
1.914999e+003,1.111710e-004
1.916927e+003,1.113852e-004
1.918856e+003,1.115948e-004
1.920784e+003,1.117960e-004
1.922713e+003,1.119915e-004
1.924641e+003,1.121806e-004
1.926570e+003,1.123622e-004
1.928499e+003,1.125373e-004
1.930427e+003,1.127059e-004
1.932355e+003,1.128670e-004
1.934284e+003,1.130225e-004
1.936212e+003,1.131706e-004
1.938141e+003,1.133122e-004
1.940070e+003,1.134463e-004
1.941998e+003,1.135748e-004
1.943927e+003,1.136968e-004
1.945855e+003,1.138113e-004
1.947783e+003,1.139184e-004
1.949712e+003,1.140209e-004
1.951640e+003,1.141150e-004
1.953569e+003,1.142034e-004
1.955498e+003,1.142845e-004
1.957426e+003,1.143590e-004
1.959354e+003,1.144269e-004
1.961283e+003,1.144875e-004
1.963211e+003,1.145415e-004
1.965140e+003,1.145899e-004
1.967068e+003,1.146309e-004
1.968997e+003,1.146663e-004
1.970926e+003,1.146924e-004
1.972854e+003,1.147129e-004
1.974782e+003,1.147278e-004
1.976711e+003,1.147352e-004
1.978639e+003,1.147361e-004
1.980568e+003,1.147306e-004
1.982496e+003,1.147175e-004
1.984425e+003,1.146980e-004
1.986354e+003,1.146710e-004
1.988282e+003,1.146384e-004
1.990210e+003,1.145992e-004
1.992139e+003,1.145527e-004
1.994067e+003,1.144996e-004
1.995996e+003,1.144409e-004
1.997924e+003,1.143748e-004
1.999853e+003,1.143012e-004
2.001781e+003,1.142211e-004
2.003710e+003,1.141354e-004
2.005638e+003,1.140432e-004
2.007567e+003,1.139427e-004
2.009495e+003,1.138346e-004
2.011424e+003,1.137219e-004
2.013352e+003,1.136018e-004
2.015281e+003,1.134751e-004
2.017209e+003,1.133429e-004
2.019138e+003,1.132023e-004
2.021066e+003,1.130551e-004
2.022995e+003,1.129005e-004
2.024923e+003,1.127413e-004
2.026852e+003,1.125745e-004
2.028781e+003,1.124013e-004
2.030709e+003,1.122197e-004
2.032637e+003,1.120334e-004
2.034566e+003,1.118397e-004
2.036494e+003,1.116386e-004
2.038423e+003,1.114318e-004
2.040351e+003,1.112176e-004
2.042280e+003,1.109969e-004
2.044208e+003,1.107687e-004
2.046137e+003,1.105359e-004
2.048065e+003,1.102956e-004
2.049994e+003,1.100479e-004
2.051922e+003,1.097936e-004
2.053851e+003,1.095319e-004
2.055779e+003,1.092646e-004
2.057708e+003,1.089908e-004
2.059636e+003,1.087096e-004
2.061565e+003,1.084218e-004
2.063493e+003,1.081284e-004
2.065422e+003,1.078267e-004
2.067350e+003,1.075193e-004
2.069279e+003,1.072036e-004
2.071207e+003,1.068823e-004
2.073136e+003,1.065545e-004
2.075064e+003,1.062211e-004
2.076993e+003,1.058802e-004
2.078921e+003,1.055319e-004
2.080850e+003,1.051780e-004
2.082778e+003,1.048148e-004
2.084707e+003,1.044460e-004
2.086635e+003,1.040716e-004
2.088564e+003,1.036907e-004
2.090492e+003,1.033023e-004
2.092421e+003,1.029074e-004
2.094349e+003,1.025060e-004
2.096278e+003,1.020972e-004
2.098206e+003,1.016818e-004
2.100135e+003,1.012599e-004
2.102063e+003,1.008315e-004
2.103992e+003,1.003966e-004
2.105920e+003,9.995420e-005
2.107849e+003,9.950530e-005
2.109777e+003,9.905081e-005
2.111706e+003,9.858795e-005
2.113634e+003,9.811856e-005
2.115563e+003,9.764358e-005
2.117491e+003,9.716116e-005
2.119420e+003,9.667221e-005
2.121348e+003,9.617768e-005
2.123277e+003,9.567570e-005
2.125205e+003,9.516627e-005
2.127134e+003,9.465218e-005
2.129062e+003,9.412784e-005
2.130991e+003,9.359885e-005
2.132919e+003,9.306241e-005
2.134848e+003,9.252038e-005
2.136776e+003,9.197090e-005
2.138705e+003,9.141490e-005
2.140633e+003,9.085145e-005
2.142562e+003,9.028241e-005
2.144490e+003,8.970592e-005
2.146419e+003,8.912385e-005
2.148347e+003,8.853432e-005
2.150276e+003,8.793920e-005
2.152204e+003,8.733477e-005
2.154133e+003,8.672662e-005
2.156061e+003,8.610822e-005
2.157990e+003,8.548517e-005
2.159918e+003,8.485559e-005
2.161847e+003,8.421950e-005
2.163775e+003,8.357596e-005
2.165704e+003,8.292776e-005
2.167632e+003,8.227117e-005
2.169561e+003,8.160807e-005
2.171489e+003,8.093752e-005
2.173418e+003,8.026045e-005
2.175346e+003,7.957686e-005
2.177275e+003,7.888675e-005
2.179203e+003,7.819105e-005
2.181132e+003,7.748697e-005
2.183060e+003,7.677637e-005
2.184989e+003,7.606018e-005
2.186917e+003,7.533468e-005
2.188846e+003,7.460453e-005
2.190774e+003,7.386785e-005
2.192703e+003,7.312372e-005
2.194631e+003,7.237494e-005
2.196560e+003,7.161777e-005
2.198488e+003,7.085409e-005
2.200417e+003,7.008202e-005
2.202345e+003,6.930530e-005
2.204274e+003,6.852020e-005
2.206202e+003,6.772950e-005
2.208131e+003,6.693322e-005
2.210059e+003,6.612763e-005
2.211988e+003,6.531738e-005
2.213916e+003,6.450061e-005
2.215845e+003,6.367639e-005
2.217773e+003,6.284472e-005
2.219702e+003,6.200746e-005
2.221630e+003,6.116368e-005
2.223559e+003,6.031152e-005
2.225487e+003,5.945470e-005
2.227416e+003,5.858950e-005
2.229344e+003,5.771872e-005
2.231273e+003,5.683955e-005
2.233201e+003,5.595479e-005
2.235130e+003,5.506258e-005
2.237058e+003,5.416572e-005
2.238987e+003,5.326141e-005
2.240915e+003,5.235057e-005
2.242844e+003,5.143229e-005
2.244772e+003,5.050655e-005
2.246701e+003,4.957523e-005
2.248629e+003,4.863739e-005
2.250558e+003,4.769303e-005
2.252486e+003,4.673935e-005
2.254415e+003,4.578196e-005
2.256343e+003,4.481617e-005
2.258272e+003,4.384574e-005
2.260200e+003,4.286692e-005
2.262129e+003,4.188064e-005
2.264057e+003,4.088879e-005
2.265986e+003,3.989041e-005
2.267914e+003,3.888551e-005
2.269843e+003,3.787410e-005
2.271771e+003,3.685523e-005
2.273700e+003,3.582984e-005
2.275628e+003,3.479607e-005
2.277557e+003,3.375765e-005
2.279485e+003,3.271084e-005
2.281414e+003,3.165938e-005
2.283342e+003,3.060047e-005
2.285271e+003,2.953503e-005
2.287199e+003,2.846215e-005
2.289128e+003,2.738275e-005
2.291056e+003,2.629682e-005
2.292985e+003,2.520531e-005
2.294913e+003,2.410635e-005
2.296842e+003,2.300087e-005
2.298770e+003,2.188794e-005
2.300699e+003,2.076849e-005
2.302627e+003,1.964159e-005
2.304556e+003,1.850724e-005
2.306484e+003,1.736917e-005
2.308413e+003,1.622364e-005
2.310341e+003,1.506973e-005
2.312270e+003,1.391023e-005
2.314198e+003,1.274515e-005
2.316127e+003,1.157168e-005
2.318055e+003,1.039356e-005
2.319984e+003,9.205192e-006
2.321912e+003,8.012168e-006
2.323841e+003,6.811693e-006
2.325769e+003,5.605631e-006
2.327698e+003,4.392117e-006
2.329626e+003,3.172085e-006
2.331555e+003,1.945533e-006
2.333483e+003,7.105991e-007
2.335412e+003,-5.289912e-007
2.337340e+003,-1.776032e-006
2.339269e+003,-3.027730e-006
2.341197e+003,-4.288740e-006
2.343126e+003,-5.554408e-006
2.345054e+003,-6.828457e-006
2.346983e+003,-8.109957e-006
2.348911e+003,-9.395182e-006
2.350840e+003,-1.069158e-005
2.352768e+003,-1.199171e-005
2.354697e+003,-1.329929e-005
2.356625e+003,-1.461152e-005
2.358554e+003,-1.593307e-005
2.360482e+003,-1.726020e-005
2.362411e+003,-1.859386e-005
2.364339e+003,-1.993496e-005
2.366268e+003,-2.128351e-005
2.368196e+003,-2.263580e-005
2.370125e+003,-2.399646e-005
2.372053e+003,-2.536364e-005
2.373982e+003,-2.674013e-005
2.375910e+003,-2.811849e-005
2.377839e+003,-2.950802e-005
2.379767e+003,-3.090501e-005
2.381696e+003,-3.230292e-005
2.383624e+003,-3.371108e-005
2.385553e+003,-3.512483e-005
2.387481e+003,-3.654789e-005
2.389410e+003,-3.797468e-005
2.391338e+003,-3.940891e-005
2.393267e+003,-4.085153e-005
2.395195e+003,-4.229881e-005
2.397124e+003,-4.375353e-005
2.399052e+003,-4.521571e-005
2.400981e+003,-6.487221e-005
2.402909e+003,-1.938427e-004
2.404838e+003,-1.376551e-004
2.406766e+003,5.538575e-005
2.408695e+003,2.077622e-004
2.410623e+003,1.899311e-004
2.412552e+003,2.929708e-004
2.414480e+003,3.475482e-004
2.416409e+003,4.481031e-004
2.418337e+003,4.918594e-004
2.420266e+003,4.524626e-004
2.422194e+003,2.062693e-004
2.424123e+003,9.344239e-005
2.426051e+003,6.604195e-005
2.427979e+003,1.438530e-004
2.429908e+003,1.204973e-004
2.431837e+003,8.043274e-005
2.433765e+003,1.169154e-004
2.435694e+003,2.700053e-004
2.437622e+003,2.494436e-004
2.439551e+003,1.418721e-004
2.441479e+003,1.036320e-004
2.443407e+003,1.107585e-004
2.445336e+003,5.285535e-005
2.447265e+003,2.219006e-004
2.449193e+003,2.345806e-004
2.451122e+003,3.185859e-004
2.453050e+003,5.278569e-004
2.454979e+003,5.707517e-004
2.456907e+003,4.906235e-004
2.458836e+003,4.460188e-004
2.460764e+003,2.798606e-004
2.462693e+003,2.366323e-004
2.464621e+003,1.765182e-004
2.466550e+003,1.978446e-004
2.468478e+003,3.305282e-004
2.470406e+003,3.773617e-004
2.472335e+003,4.342422e-004
2.474264e+003,5.396679e-004
2.476192e+003,6.026048e-004
2.478121e+003,6.998712e-004
2.480049e+003,6.379513e-004
2.481978e+003,6.394507e-004
2.483906e+003,5.860971e-004
2.485835e+003,5.190372e-004
2.487763e+003,6.030248e-004
2.489692e+003,8.219415e-004
2.491620e+003,7.933006e-004
2.493549e+003,7.563438e-004
2.495477e+003,8.907206e-004
2.497406e+003,9.344146e-004
2.499334e+003,7.543303e-004
2.501263e+003,7.503591e-004
2.503191e+003,8.304901e-004
2.505120e+003,9.035086e-004
2.507048e+003,9.772144e-004
2.508977e+003,1.017429e-003
2.510905e+003,9.084539e-004
2.512833e+003,1.004908e-003
2.514762e+003,1.219065e-003
2.516691e+003,1.475810e-003
2.518619e+003,1.535318e-003
2.520548e+003,1.665106e-003
2.522476e+003,1.743155e-003
2.524405e+003,1.777372e-003
2.526333e+003,1.776949e-003
2.528261e+003,1.910140e-003
2.530190e+003,1.991341e-003
2.532119e+003,1.984817e-003
2.534047e+003,1.866651e-003
2.535976e+003,1.790957e-003
2.537904e+003,1.845927e-003
2.539833e+003,1.945696e-003
2.541761e+003,1.960449e-003
2.543689e+003,2.316862e-003
2.545618e+003,2.532519e-003
2.547547e+003,2.555268e-003
2.549475e+003,2.534465e-003
2.551404e+003,2.617947e-003
2.553332e+003,2.836356e-003
2.555260e+003,3.090501e-003
2.557189e+003,3.099847e-003
2.559117e+003,2.990463e-003
2.561046e+003,3.145418e-003
2.562975e+003,3.373197e-003
2.564903e+003,3.428727e-003
2.566832e+003,3.501895e-003
2.568760e+003,3.536888e-003
2.570688e+003,3.628756e-003
2.572617e+003,3.903857e-003
2.574546e+003,4.054267e-003
2.576474e+003,4.105530e-003
2.578403e+003,4.153550e-003
2.580331e+003,4.230086e-003
2.582260e+003,4.388760e-003
2.584188e+003,4.606055e-003
2.586116e+003,4.806582e-003
2.588045e+003,4.996437e-003
2.589974e+003,5.230880e-003
2.591902e+003,5.444866e-003
2.593831e+003,5.677493e-003
2.595759e+003,5.905197e-003
2.597688e+003,6.105263e-003
2.599616e+003,6.240416e-003
2.601544e+003,6.373970e-003
2.603473e+003,6.571095e-003
2.605402e+003,6.843655e-003
2.607330e+003,7.097051e-003
2.609259e+003,7.366452e-003
2.611187e+003,7.635783e-003
2.613115e+003,7.994527e-003
2.615044e+003,8.230457e-003
2.616972e+003,8.447574e-003
2.618901e+003,8.756422e-003
2.620830e+003,9.099577e-003
2.622758e+003,9.500213e-003
2.624687e+003,9.987517e-003
2.626615e+003,1.048372e-002
2.628543e+003,1.089225e-002
2.630472e+003,1.130761e-002
2.632400e+003,1.169039e-002
2.634329e+003,1.191251e-002
2.636258e+003,1.196453e-002
2.638186e+003,1.191074e-002
2.640115e+003,1.181216e-002
2.642043e+003,1.178136e-002
2.643971e+003,1.187190e-002
2.645900e+003,1.195730e-002
2.647828e+003,1.199043e-002
2.649757e+003,1.204045e-002
2.651686e+003,1.218210e-002
2.653614e+003,1.240742e-002
2.655542e+003,1.263001e-002
2.657471e+003,1.277689e-002
2.659399e+003,1.282328e-002
2.661328e+003,1.272968e-002
2.663256e+003,1.248840e-002
2.665185e+003,1.226720e-002
2.667114e+003,1.211094e-002
2.669042e+003,1.192625e-002
2.670970e+003,1.173387e-002
2.672899e+003,1.158788e-002
2.674827e+003,1.145188e-002
2.676756e+003,1.133252e-002
2.678685e+003,1.123702e-002
2.680613e+003,1.114679e-002
2.682542e+003,1.106761e-002
2.684470e+003,1.094752e-002
2.686398e+003,1.083596e-002
2.688327e+003,1.072255e-002
2.690255e+003,1.063453e-002
2.692184e+003,1.052971e-002
2.694113e+003,1.046725e-002
2.696041e+003,1.046812e-002
2.697969e+003,1.049262e-002
2.699898e+003,1.058157e-002
2.701826e+003,1.072007e-002
2.703755e+003,1.088141e-002
2.705683e+003,1.105212e-002
2.707612e+003,1.122855e-002
2.709541e+003,1.135481e-002
2.711469e+003,1.147677e-002
2.713397e+003,1.159331e-002
2.715326e+003,1.169536e-002
2.717254e+003,1.188935e-002
2.719183e+003,1.208255e-002
2.721111e+003,1.233130e-002
2.723040e+003,1.267106e-002
2.724969e+003,1.295545e-002
2.726897e+003,1.325395e-002
2.728825e+003,1.351734e-002
2.730754e+003,1.371067e-002
2.732682e+003,1.390717e-002
2.734611e+003,1.408482e-002
2.736539e+003,1.421168e-002
2.738468e+003,1.432308e-002
2.740396e+003,1.436576e-002
2.742325e+003,1.434660e-002
2.744253e+003,1.431964e-002
2.746182e+003,1.430539e-002
2.748110e+003,1.434947e-002
2.750039e+003,1.443413e-002
2.751967e+003,1.460001e-002
2.753896e+003,1.487393e-002
2.755824e+003,1.513829e-002
2.757753e+003,1.541507e-002
2.759681e+003,1.580377e-002
2.761610e+003,1.617990e-002
2.763538e+003,1.653725e-002
2.765467e+003,1.700860e-002
2.767395e+003,1.752450e-002
2.769324e+003,1.797420e-002
2.771252e+003,1.849333e-002
2.773181e+003,1.911491e-002
2.775109e+003,1.986550e-002
2.777038e+003,2.070520e-002
2.778966e+003,2.166064e-002
2.780895e+003,2.277415e-002
2.782823e+003,2.397311e-002
2.784752e+003,2.521879e-002
2.786680e+003,2.654253e-002
2.788609e+003,2.798534e-002
2.790537e+003,2.945833e-002
2.792466e+003,3.109170e-002
2.794394e+003,3.281163e-002
2.796323e+003,3.449242e-002
2.798251e+003,3.619052e-002
2.800180e+003,3.795122e-002
2.802108e+003,3.985238e-002
2.804037e+003,4.201418e-002
2.805965e+003,4.447230e-002
2.807894e+003,4.720937e-002
2.809822e+003,5.029587e-002
2.811751e+003,5.387051e-002
2.813679e+003,5.802827e-002
2.815608e+003,6.283206e-002
2.817536e+003,6.841652e-002
2.819465e+003,7.495200e-002
2.821393e+003,8.280100e-002
2.823322e+003,9.240176e-002
2.825250e+003,1.042356e-001
2.827179e+003,1.189434e-001
2.829107e+003,1.371924e-001
2.831036e+003,1.600677e-001
2.832964e+003,1.892928e-001
2.834893e+003,2.278389e-001
2.836821e+003,2.797998e-001
2.838750e+003,3.517182e-001
2.840678e+003,4.539413e-001
2.842607e+003,5.971287e-001
2.844535e+003,7.768815e-001
2.846464e+003,9.344087e-001
2.848392e+003,9.511518e-001
2.850321e+003,8.166957e-001
2.852249e+003,6.533476e-001
2.854178e+003,5.252861e-001
2.856106e+003,4.278507e-001
2.858035e+003,3.504562e-001
2.859963e+003,2.896036e-001
2.861892e+003,2.439368e-001
2.863820e+003,2.116399e-001
2.865749e+003,1.910605e-001
2.867677e+003,1.805724e-001
2.869606e+003,1.776089e-001
2.871534e+003,1.785505e-001
2.873463e+003,1.813653e-001
2.875391e+003,1.872521e-001
2.877320e+003,1.979592e-001
2.879248e+003,2.137450e-001
2.881177e+003,2.336491e-001
2.883105e+003,2.563519e-001
2.885034e+003,2.811118e-001
2.886962e+003,3.074954e-001
2.888891e+003,3.350715e-001
2.890819e+003,3.633740e-001
2.892748e+003,3.921489e-001
2.894676e+003,4.211935e-001
2.896605e+003,4.510044e-001
2.898533e+003,4.825520e-001
2.900462e+003,5.180086e-001
2.902390e+003,5.606196e-001
2.904319e+003,6.146680e-001
2.906247e+003,6.856105e-001
2.908176e+003,7.790154e-001
2.910104e+003,8.971619e-001
2.912033e+003,1.029332e+000
2.913961e+003,1.131808e+000
2.915890e+003,1.144844e+000
2.917818e+003,1.067159e+000
2.919747e+003,9.538305e-001
2.921675e+003,8.415801e-001
2.923604e+003,7.400287e-001
2.925532e+003,6.508396e-001
2.927461e+003,5.723542e-001
2.929389e+003,5.019993e-001
2.931318e+003,4.384514e-001
2.933246e+003,3.812689e-001
2.935175e+003,3.306709e-001
2.937103e+003,2.867088e-001
2.939032e+003,2.490810e-001
2.940960e+003,2.174286e-001
2.942889e+003,1.917092e-001
2.944817e+003,1.717610e-001
2.946746e+003,1.573481e-001
2.948674e+003,1.479383e-001
2.950603e+003,1.423637e-001
2.952531e+003,1.385252e-001
2.954460e+003,1.342773e-001
2.956388e+003,1.286822e-001
2.958317e+003,1.215019e-001
2.960245e+003,1.128031e-001
2.962174e+003,1.030309e-001
2.964102e+003,9.278898e-002
2.966031e+003,8.252805e-002
2.967959e+003,7.284048e-002
2.969888e+003,6.436565e-002
2.971816e+003,5.712237e-002
2.973745e+003,5.100404e-002
2.975673e+003,4.585572e-002
2.977602e+003,4.153101e-002
2.979530e+003,3.791849e-002
2.981459e+003,3.487479e-002
2.983387e+003,3.235336e-002
2.985316e+003,3.040082e-002
2.987244e+003,2.890138e-002
2.989173e+003,2.794959e-002
2.991101e+003,2.755922e-002
2.993030e+003,2.781606e-002
2.994958e+003,2.893574e-002
2.996887e+003,3.069770e-002
2.998815e+003,3.293273e-002
3.000744e+003,3.518581e-002
3.002672e+003,3.685950e-002
3.004601e+003,3.751152e-002
3.006529e+003,3.697051e-002
3.008458e+003,3.541294e-002
3.010386e+003,3.292953e-002
3.012315e+003,2.972473e-002
3.014243e+003,2.637644e-002
3.016172e+003,2.323123e-002
3.018100e+003,2.049938e-002
3.020029e+003,1.821252e-002
3.021957e+003,1.633062e-002
3.023886e+003,1.486364e-002
3.025814e+003,1.374830e-002
3.027743e+003,1.279964e-002
3.029671e+003,1.198482e-002
3.031600e+003,1.129382e-002
3.033528e+003,1.073139e-002
3.035457e+003,1.021944e-002
3.037385e+003,9.741360e-003
3.039314e+003,9.325582e-003
3.041242e+003,8.990746e-003
3.043171e+003,8.658476e-003
3.045099e+003,8.244044e-003
3.047028e+003,7.902300e-003
3.048956e+003,7.711886e-003
3.050885e+003,7.431379e-003
3.052813e+003,7.207551e-003
3.054742e+003,7.054786e-003
3.056670e+003,6.891452e-003
3.058599e+003,6.777636e-003
3.060527e+003,6.710392e-003
3.062456e+003,6.656179e-003
3.064384e+003,6.585428e-003
3.066313e+003,6.424833e-003
3.068241e+003,6.315518e-003
3.070170e+003,6.087694e-003
3.072098e+003,5.842614e-003
3.074027e+003,5.739531e-003
3.075955e+003,5.590419e-003
3.077884e+003,5.295674e-003
3.079812e+003,5.035297e-003
3.081741e+003,4.867763e-003
3.083669e+003,4.739724e-003
3.085598e+003,4.647278e-003
3.087526e+003,4.534188e-003
3.089455e+003,4.363008e-003
3.091383e+003,4.086455e-003
3.093312e+003,3.779692e-003
3.095240e+003,3.553739e-003
3.097169e+003,3.268977e-003
3.099097e+003,2.972500e-003
3.101026e+003,2.738300e-003
3.102954e+003,2.581033e-003
3.104883e+003,2.393180e-003
3.106811e+003,2.217156e-003
3.108740e+003,2.245098e-003
3.110668e+003,2.190694e-003
3.112597e+003,1.983758e-003
3.114525e+003,1.792753e-003
3.116454e+003,1.624766e-003
3.118382e+003,1.602307e-003
3.120311e+003,1.627263e-003
3.122239e+003,1.630401e-003
3.124168e+003,1.668012e-003
3.126096e+003,1.526516e-003
3.128025e+003,1.394511e-003
3.129953e+003,1.356897e-003
3.131882e+003,1.276453e-003
3.133810e+003,1.256205e-003
3.135739e+003,1.273403e-003
3.137667e+003,1.232411e-003
3.139596e+003,1.198685e-003
3.141524e+003,1.253201e-003
3.143453e+003,1.282494e-003
3.145381e+003,1.327829e-003
3.147310e+003,1.336216e-003
3.149238e+003,1.278639e-003
3.151167e+003,1.233817e-003
3.153095e+003,1.213267e-003
3.155024e+003,1.243751e-003
3.156952e+003,1.355641e-003
3.158881e+003,1.362597e-003
3.160809e+003,1.309256e-003
3.162738e+003,1.294581e-003
3.164666e+003,1.215567e-003
3.166594e+003,1.148305e-003
3.168523e+003,1.148679e-003
3.170452e+003,1.210882e-003
3.172380e+003,1.269092e-003
3.174309e+003,1.302565e-003
3.176237e+003,1.320121e-003
3.178166e+003,1.269234e-003
3.180094e+003,1.350891e-003
3.182022e+003,1.374136e-003
3.183951e+003,1.428874e-003
3.185880e+003,1.405422e-003
3.187808e+003,1.394182e-003
3.189737e+003,1.405028e-003
3.191665e+003,1.360019e-003
3.193594e+003,1.344522e-003
3.195522e+003,1.436557e-003
3.197450e+003,1.526289e-003
3.199379e+003,1.525979e-003
3.201308e+003,1.501800e-003
3.203236e+003,1.470538e-003
3.205165e+003,1.489757e-003
3.207093e+003,1.488774e-003
3.209021e+003,1.375977e-003
3.210950e+003,1.373015e-003
3.212878e+003,1.442950e-003
3.214807e+003,1.460180e-003
3.216736e+003,1.424819e-003
3.218664e+003,1.440042e-003
3.220593e+003,1.466804e-003
3.222521e+003,1.516135e-003
3.224449e+003,1.497221e-003
3.226378e+003,1.440031e-003
3.228307e+003,1.463448e-003
3.230235e+003,1.468960e-003
3.232164e+003,1.492199e-003
3.234092e+003,1.427736e-003
3.236021e+003,1.339286e-003
3.237949e+003,1.459233e-003
3.239877e+003,1.563153e-003
3.241806e+003,1.578085e-003
3.243735e+003,1.678365e-003
3.245663e+003,1.741346e-003
3.247592e+003,1.766639e-003
3.249520e+003,1.808075e-003
3.251448e+003,1.790920e-003
3.253377e+003,1.849509e-003
3.255305e+003,1.905598e-003
3.257234e+003,1.934467e-003
3.259163e+003,1.939703e-003
3.261091e+003,1.963366e-003
3.263020e+003,2.061342e-003
3.264948e+003,2.113095e-003
3.266876e+003,2.102113e-003
3.268805e+003,2.105398e-003
3.270733e+003,2.164239e-003
3.272662e+003,2.279712e-003
3.274591e+003,2.315264e-003
3.276519e+003,2.393601e-003
3.278448e+003,2.441428e-003
3.280376e+003,2.409861e-003
3.282304e+003,2.399931e-003
3.284233e+003,2.440060e-003
3.286161e+003,2.482935e-003
3.288090e+003,2.564651e-003
3.290019e+003,2.555414e-003
3.291947e+003,2.498449e-003
3.293875e+003,2.533537e-003
3.295804e+003,2.597798e-003
3.297732e+003,2.659858e-003
3.299661e+003,2.674154e-003
3.301589e+003,2.659165e-003
3.303518e+003,2.613316e-003
3.305447e+003,2.517982e-003
3.307375e+003,2.600799e-003
3.309303e+003,2.695351e-003
3.311232e+003,2.641340e-003
3.313160e+003,2.558949e-003
3.315089e+003,2.490736e-003
3.317018e+003,2.497986e-003
3.318946e+003,2.529125e-003
3.320875e+003,2.558224e-003
3.322803e+003,2.526957e-003
3.324731e+003,2.503518e-003
3.326660e+003,2.525639e-003
3.328588e+003,2.479628e-003
3.330517e+003,2.431806e-003
3.332446e+003,2.450840e-003
3.334374e+003,2.420910e-003
3.336302e+003,2.377893e-003
3.338231e+003,2.437832e-003
3.340159e+003,2.478848e-003
3.342088e+003,2.486954e-003
3.344016e+003,2.480119e-003
3.345945e+003,2.423239e-003
3.347874e+003,2.390053e-003
3.349802e+003,2.519535e-003
3.351730e+003,2.588803e-003
3.353659e+003,2.435608e-003
3.355587e+003,2.383918e-003
3.357516e+003,2.458944e-003
3.359444e+003,2.388427e-003
3.361373e+003,2.373501e-003
3.363302e+003,2.411718e-003
3.365230e+003,2.451078e-003
3.367158e+003,2.452303e-003
3.369087e+003,2.370371e-003
3.371015e+003,2.355365e-003
3.372944e+003,2.387448e-003
3.374872e+003,2.323738e-003
3.376801e+003,2.269163e-003
3.378729e+003,2.267259e-003
3.380658e+003,2.187032e-003
3.382586e+003,2.202853e-003
3.384515e+003,2.276409e-003
3.386443e+003,2.248224e-003
3.388372e+003,2.095415e-003
3.390300e+003,2.033335e-003
3.392229e+003,2.059678e-003
3.394157e+003,2.071882e-003
3.396086e+003,2.071150e-003
3.398014e+003,2.160628e-003
3.399943e+003,2.250208e-003
3.401871e+003,2.186291e-003
3.403800e+003,2.091209e-003
3.405728e+003,2.026571e-003
3.407657e+003,1.976073e-003
3.409585e+003,1.960577e-003
3.411514e+003,2.046723e-003
3.413442e+003,2.002303e-003
3.415371e+003,1.933482e-003
3.417299e+003,1.972474e-003
3.419228e+003,1.982409e-003
3.421156e+003,2.045743e-003
3.423085e+003,2.128269e-003
3.425013e+003,2.126820e-003
3.426942e+003,2.024022e-003
3.428870e+003,1.994674e-003
3.430799e+003,2.106195e-003
3.432727e+003,2.178593e-003
3.434656e+003,2.196101e-003
3.436584e+003,2.199512e-003
3.438513e+003,2.206761e-003
3.440441e+003,2.234478e-003
3.442370e+003,2.209396e-003
3.444298e+003,2.133237e-003
3.446227e+003,2.255502e-003
3.448155e+003,2.357627e-003
3.450084e+003,2.341041e-003
3.452012e+003,2.332374e-003
3.453941e+003,2.384984e-003
3.455869e+003,2.539538e-003
3.457798e+003,2.617440e-003
3.459726e+003,2.654374e-003
3.461655e+003,2.678826e-003
3.463583e+003,2.768997e-003
3.465512e+003,2.877500e-003
3.467440e+003,2.805099e-003
3.469369e+003,2.732277e-003
3.471297e+003,2.814560e-003
3.473226e+003,2.767456e-003
3.475154e+003,2.638500e-003
3.477083e+003,2.510324e-003
3.479011e+003,2.573083e-003
3.480940e+003,2.611309e-003
3.482868e+003,2.474879e-003
3.484797e+003,2.285738e-003
3.486725e+003,2.108779e-003
3.488654e+003,1.987692e-003
3.490582e+003,1.939413e-003
3.492511e+003,1.884423e-003
3.494439e+003,1.739022e-003
3.496368e+003,1.675360e-003
3.498296e+003,1.514757e-003
3.500225e+003,1.457109e-003
3.502153e+003,1.589892e-003
3.504082e+003,1.597590e-003
3.506010e+003,1.509358e-003
3.507939e+003,1.386006e-003
3.509867e+003,1.432323e-003
3.511796e+003,1.322515e-003
3.513724e+003,1.196783e-003
3.515653e+003,1.195370e-003
3.517581e+003,1.086641e-003
3.519510e+003,9.947857e-004
3.521438e+003,1.035687e-003
3.523367e+003,1.093755e-003
3.525295e+003,1.034497e-003
3.527224e+003,9.382283e-004
3.529152e+003,9.439467e-004
3.531081e+003,9.130267e-004
3.533009e+003,8.965703e-004
3.534938e+003,7.993095e-004
3.536866e+003,7.943800e-004
3.538795e+003,7.303031e-004
3.540723e+003,5.756067e-004
3.542652e+003,5.028499e-004
3.544580e+003,6.026905e-004
3.546509e+003,5.226461e-004
3.548437e+003,2.824813e-004
3.550366e+003,1.541767e-004
3.552294e+003,2.723113e-004
3.554223e+003,3.109043e-004
3.556151e+003,1.606857e-004
3.558080e+003,5.152915e-005
3.560008e+003,1.324583e-004
3.561937e+003,3.333669e-005
3.563865e+003,-2.146428e-004
3.565794e+003,-1.410050e-004
3.567722e+003,2.141912e-004
3.569651e+003,8.594245e-005
3.571579e+003,-1.153350e-004
3.573508e+003,-2.314523e-004
3.575436e+003,-3.798306e-004
3.577365e+003,-4.692078e-004
3.579293e+003,-4.554661e-004
3.581222e+003,-5.939733e-004
3.583150e+003,-5.588988e-004
3.585079e+003,-4.562754e-004
3.587007e+003,-1.434479e-004
3.588936e+003,-4.565250e-005
3.590864e+003,-2.787411e-004
3.592793e+003,-4.388513e-004
3.594721e+003,-1.588492e-004
3.596650e+003,2.889000e-004
3.598578e+003,5.440870e-004
3.600507e+003,1.000693e-003
3.602435e+003,1.236415e-003
3.604364e+003,9.249235e-004
3.606292e+003,8.903472e-004
3.608221e+003,1.166534e-003
3.610149e+003,9.422293e-004
3.612078e+003,6.405097e-004
3.614006e+003,3.144359e-004
3.615935e+003,-1.334492e-005
3.617863e+003,3.351830e-006
3.619792e+003,3.930135e-004
3.621720e+003,1.757452e-004
3.623649e+003,-3.040424e-004
3.625577e+003,-7.111765e-004
3.627506e+003,-7.905029e-004
3.629434e+003,8.693151e-005
3.631363e+003,-1.353463e-004
3.633291e+003,-4.244698e-004
3.635220e+003,-4.685307e-004
3.637148e+003,-2.768338e-004
3.639077e+003,-1.040166e-004
3.641005e+003,-1.367657e-004
3.642934e+003,-1.948969e-004
3.644862e+003,-3.629979e-004
3.646791e+003,-3.919927e-004
3.648719e+003,2.085809e-004
3.650648e+003,4.252689e-004
3.652576e+003,-2.567312e-004
3.654505e+003,-4.526628e-004
3.656433e+003,-8.825306e-005
3.658362e+003,-1.288587e-004
3.660290e+003,-4.499620e-004
3.662219e+003,-6.599743e-004
3.664147e+003,-5.444270e-004
3.666076e+003,-6.169938e-004
3.668004e+003,-4.606284e-004
3.669933e+003,1.572119e-004
3.671861e+003,-2.880991e-004
3.673790e+003,-6.349292e-004
3.675718e+003,-1.574159e-004
3.677647e+003,-7.484108e-006
3.679575e+003,-1.635263e-004
3.681504e+003,-7.047970e-004
3.683432e+003,-8.783434e-004
3.685361e+003,-1.019659e-003
3.687289e+003,-1.039570e-003
3.689218e+003,-3.328286e-004
3.691146e+003,-1.893006e-005
3.693075e+003,-3.193049e-004
3.695003e+003,-6.599445e-004
3.696932e+003,-8.364301e-004
3.698860e+003,-8.473471e-004
3.700789e+003,-6.241966e-004
3.702717e+003,-4.768409e-004
3.704646e+003,-7.503796e-004
3.706574e+003,-9.118132e-004
3.708503e+003,-9.061415e-004
3.710431e+003,-8.218382e-004
3.712360e+003,-5.603489e-004
3.714288e+003,-4.418790e-004
3.716217e+003,-6.117895e-004
3.718145e+003,-7.414818e-004
3.720074e+003,-9.160917e-004
3.722002e+003,-8.996725e-004
3.723931e+003,-5.247761e-004
3.725859e+003,-1.266599e-004
3.727788e+003,-3.680624e-004
3.729716e+003,-8.594226e-004
3.731645e+003,-1.021789e-003
3.733573e+003,-6.412435e-004
3.735502e+003,2.390491e-004
3.737430e+003,2.764957e-004
3.739359e+003,-2.990970e-004
3.741287e+003,-6.525517e-004
3.743216e+003,-6.485768e-004
3.745144e+003,-1.054360e-004
3.747073e+003,-4.089754e-004
3.749001e+003,-5.779620e-004
3.750930e+003,1.571625e-004
3.752858e+003,4.355628e-004
3.754787e+003,-2.226382e-004
3.756715e+003,-4.825145e-004
3.758644e+003,-2.381764e-004
3.760572e+003,-5.428120e-005
3.762501e+003,-4.309397e-004
3.764429e+003,-5.681682e-004
3.766358e+003,-3.824737e-004
3.768286e+003,-3.347099e-004
3.770215e+003,-1.068553e-004
3.772143e+003,-9.393785e-005
3.774072e+003,-2.111951e-004
3.776000e+003,-2.951100e-004
3.777929e+003,-1.467541e-004
3.779857e+003,7.025618e-005
3.781786e+003,-1.637377e-004
3.783714e+003,-2.563819e-004
3.785643e+003,-1.630019e-004
3.787571e+003,-6.715953e-005
3.789500e+003,-2.831221e-005
3.791428e+003,-2.060868e-004
3.793357e+003,-3.241468e-004
3.795285e+003,-9.828620e-005
3.797214e+003,-1.850352e-005
3.799142e+003,-9.015761e-005
3.801071e+003,1.983354e-004
3.802999e+003,1.112195e-004
3.804927e+003,-1.310986e-004
3.806856e+003,1.318054e-004
3.808785e+003,3.277380e-004
3.810713e+003,1.949565e-004
3.812642e+003,-1.011500e-004
3.814570e+003,-1.442339e-004
3.816499e+003,1.502652e-004
3.818427e+003,8.657109e-005
3.820355e+003,3.244486e-004
3.822284e+003,4.196428e-004
3.824213e+003,2.634302e-004
3.826141e+003,3.345637e-004
3.828070e+003,1.055133e-004
3.829998e+003,2.734363e-006
3.831927e+003,3.369525e-005
3.833855e+003,-3.398396e-005
3.835783e+003,-9.216368e-005
3.837712e+003,1.181876e-004
3.839641e+003,4.707333e-004
3.841569e+003,4.669353e-004
3.843498e+003,5.354499e-004
3.845426e+003,3.898721e-004
3.847354e+003,1.470260e-004
3.849283e+003,-1.920648e-004
3.851211e+003,-7.400755e-004
3.853140e+003,-3.076624e-005
3.855069e+003,8.260431e-004
3.856997e+003,5.630935e-004
3.858926e+003,1.497809e-004
3.860854e+003,-3.965851e-005
3.862782e+003,1.809476e-004
3.864711e+003,5.467301e-004
3.866640e+003,3.502984e-004
3.868568e+003,2.267193e-004
3.870497e+003,6.848508e-004
3.872425e+003,7.750690e-004
3.874354e+003,7.746527e-004
3.876282e+003,3.420599e-004
3.878210e+003,2.331799e-004
3.880139e+003,5.297270e-004
3.882068e+003,4.973030e-004
3.883996e+003,2.907570e-004
3.885925e+003,4.512360e-004
3.887853e+003,3.994387e-004
3.889781e+003,3.795186e-004
3.891710e+003,7.532155e-004
3.893638e+003,8.030105e-004
3.895567e+003,4.649451e-004
3.897496e+003,3.072992e-004
3.899424e+003,5.068714e-004
3.901353e+003,6.281193e-004
3.903281e+003,6.701397e-004
3.905209e+003,8.023670e-004
3.907138e+003,6.413739e-004
3.909066e+003,4.595639e-004
3.910995e+003,5.185232e-004
3.912924e+003,5.490109e-004
3.914852e+003,5.518859e-004
3.916781e+003,7.374259e-004
3.918709e+003,8.028131e-004
3.920637e+003,5.619209e-004
3.922566e+003,5.229283e-004
3.924494e+003,7.361332e-004
3.926423e+003,6.951150e-004
3.928352e+003,5.618045e-004
3.930280e+003,6.050756e-004
3.932208e+003,8.781562e-004
3.934137e+003,5.944455e-004
3.936065e+003,2.564732e-004
3.937994e+003,2.876315e-004
3.939922e+003,3.114473e-004
3.941851e+003,4.396187e-004
3.943780e+003,5.152049e-004
3.945708e+003,4.312210e-004
3.947636e+003,3.386019e-004
3.949565e+003,2.943957e-004
3.951493e+003,3.113896e-004
3.953422e+003,2.749125e-004
3.955351e+003,2.659317e-004
3.957279e+003,2.889084e-004
3.959208e+003,2.526203e-004
3.961136e+003,3.108568e-004
3.963064e+003,3.787819e-004
3.964993e+003,4.225522e-004
3.966921e+003,4.278002e-004
3.968850e+003,3.882153e-004
3.970779e+003,3.907094e-004
3.972707e+003,4.430432e-004
3.974635e+003,4.338138e-004
3.976564e+003,5.679680e-004
3.978492e+003,5.837427e-004
3.980421e+003,5.367761e-004
3.982349e+003,4.702779e-004
3.984278e+003,3.584418e-004
3.986207e+003,3.270032e-004
3.988135e+003,2.284814e-004
3.990063e+003,3.322996e-004
3.991992e+003,4.275702e-004
3.993920e+003,4.586596e-004
3.995849e+003,5.004080e-004
3.997777e+003,4.962403e-004
3.999706e+003,4.858905e-004
4.001635e+003,0.000000e+000
